[array([0.701073, 0.786107]), array([0.709101, 0.670992]), array([0.497633, 0.614279, 0.258288]), array([0.472696, 0.449572, 0.444506, 0.190801]), array([0.214371, 0.84406 , 0.758507, 0.87542 ]), array([0.700843, 0.24599 , 0.540046, 0.729239, 0.133524]), array([0.314096, 0.359733, 0.345676, 0.288593, 0.333908, 0.709472]), array([0.139785, 0.239023, 0.160745, 0.238163, 0.505938, 0.701437,
       0.392239, 0.696102])]
[array([0.701073, 0.786107]), array([0.700892, 0.769633]), array([0.497633, 0.614279, 0.258288]), array([0.521076, 0.439371, 0.434167, 0.217233]), array([0.210813, 0.84736 , 0.819576, 0.874716]), array([0.700843, 0.227182, 0.562522, 0.721366, 0.129918]), array([0.293991, 0.383786, 0.32308 , 0.28063 , 0.352965, 0.71804 ]), array([0.120069, 0.226268, 0.145005, 0.203587, 0.504352, 0.726636,
       0.40946 , 0.715138])]
[array([0.701073, 0.786107]), array([0.702236, 0.806848]), array([0.497633, 0.614279, 0.258288]), array([0.533245, 0.437211, 0.432699, 0.224122]), array([0.219194, 0.846502, 0.849414, 0.877066]), array([0.703577, 0.225575, 0.572782, 0.720991, 0.123648]), array([0.282444, 0.380143, 0.329072, 0.279157, 0.348277, 0.714192]), array([0.125536, 0.21789 , 0.142241, 0.207853, 0.495262, 0.718959,
       0.407012, 0.721511])]
[array([0.999999, 0.940024]), array([0.825049, 0.999999]), array([0.421806, 0.806832, 0.      ]), array([0.576927, 0.504025, 0.384598, 0.323654]), array([0.311936, 0.777428, 0.999999, 0.999999]), array([0.338046, 0.      , 0.6594  , 0.952214, 0.      ]), array([0.      , 0.046064, 0.406126, 0.      , 0.196875, 0.999999]), array([0.      , 0.260373, 0.      , 0.460567, 0.561143, 0.621366,
       0.548445, 0.596871])]
[array([0.999999, 0.716687]), array([0.670109, 0.283738]), array([0.999999, 0.668856, 0.999999]), array([0.553885, 0.45583 , 0.39399 , 0.235527]), array([0.375803, 0.678335, 0.999999, 0.999999]), array([0.5841  , 0.      , 0.532219, 0.673288, 0.094311]), array([0.35355 , 0.351452, 0.319921, 0.      , 0.324359, 0.93171 ]), array([0.26541 , 0.      , 0.      , 0.374231, 0.968181, 0.081225,
       0.253762, 0.84059 ])]
[array([0.      , 0.062404]), array([0.954448, 0.      ]), array([0.591243, 0.      , 0.70321 ]), array([0.577846, 0.442866, 0.377803, 0.239652]), array([0.347755, 0.826999, 0.999999, 0.999999]), array([0.627991, 0.307931, 0.538595, 0.855392, 0.166437]), array([0.175912, 0.292417, 0.399772, 0.190708, 0.38333 , 0.593055]), array([0.      , 0.092187, 0.      , 0.313546, 0.351845, 0.999999,
       0.074649, 0.36743 ])]
[array([0.      , 0.997451]), array([0.632322, 0.999999]), array([0.440601, 0.635553, 0.618984]), array([0.552008, 0.484773, 0.419586, 0.254089]), array([0.388378, 0.892873, 0.999999, 0.999999]), array([0.596418, 0.290466, 0.53581 , 0.999999, 0.260912]), array([0.      , 0.314012, 0.431251, 0.161961, 0.434593, 0.698083]), array([0.      , 0.446318, 0.      , 0.      , 0.546491, 0.      ,
       0.595139, 0.999999])]
[array([0.999999, 0.773695]), array([0.650633, 0.63799 ]), array([0.990819, 0.999999, 0.      ]), array([0.577435, 0.496284, 0.366459, 0.204129]), array([0.439929, 0.95667 , 0.999999, 0.999999]), array([0.651139, 0.262567, 0.599355, 0.798422, 0.091835]), array([0.307563, 0.31962 , 0.265684, 0.216323, 0.357029, 0.533625]), array([0.130847, 0.      , 0.      , 0.350108, 0.451876, 0.074684,
       0.555836, 0.938167])]
[array([0.94447, 0.     ]), array([0.999999, 0.862726]), array([0.585362, 0.982031, 0.423506]), array([0.512202, 0.487812, 0.471215, 0.362323]), array([0.570179, 0.999999, 0.999999, 0.999999]), array([0.633574, 0.221343, 0.676984, 0.853845, 0.      ]), array([0.348781, 0.360456, 0.389134, 0.281641, 0.334543, 0.598031]), array([0.      , 0.038573, 0.      , 0.      , 0.542498, 0.960513,
       0.612752, 0.473576])]
[array([0.999999, 0.387219]), array([0.77858 , 0.325437]), array([0.593991, 0.466307, 0.438282]), array([0.468386, 0.47552 , 0.44215 , 0.459084]), array([0.758271, 0.999999, 0.999999, 0.999999]), array([0.629244, 0.246822, 0.62522 , 0.818379, 0.040015]), array([0.281416, 0.288326, 0.368833, 0.178561, 0.459782, 0.585532]), array([0.004538, 0.285212, 0.      , 0.34458 , 0.255946, 0.954305,
       0.      , 0.995167])]